[[[0, 34, 52, 17, 17, 34], [34, 0, 114, 17, 24, 46], [52, 114, 0, 25, 37, 69], [17, 17, 25, 0, 8, 17], [17, 24, 37, 8, 0, 23], [34, 46, 69, 17, 23, 0]], [[0.0823494489022405, 2.582616547108989, 2.582616547108989, 2.522566173195024, 2.522566173195024, 1.0740872331594187, 1.0740872331594187, 1.0740872331594187, 1.0740872331594187, 1.0740872331594187, 1.0740872331594187, 1.0850358439879044], [0.03979791497147256, 1.3477748571199404, 1.3477748571199404, 1.4345258679610549, 1.4345258679610549, 1.2967039708484236, 1.2967039708484236, 1.2967039708484236, 1.2967039708484236, 1.2967039708484236, 1.3448467759603726, 1.3034242336138122]], [[[1.0850358910149482, 1.303425564095682]], [0.8558381089829719]]]
